% # columns="iteration, evaluation, min max(neg(.)) min(pos(.)) max correlation, correlation matrix principal axes lengths  (sorted square roots of eigenvalues of correlation matrix)", seed=759061, Fri Jun  7 04:47:35 2024
1 6 0.16866602625284902 0.16866602625284902 0.16866602625284902 0.16866602625284902 0.9117751771940005 1.0810485771938507
2 12 0.015848024699601736 0.015848024699601736 0.015848024699601736 0.015848024699601736 0.9117751771940005 1.0810485771938507
3 18 0.13608880017610533 0.13608880017610533 0.13608880017610533 0.13608880017610533 0.9294682349730381 1.0658746643841879
4 24 0.14418826292235165 0.14418826292235165 0.14418826292235165 0.14418826292235165 0.9294682349730381 1.0658746643841879
5 30 0.023485815964020513 0.023485815964020513 0.023485815964020513 0.023485815964020513 0.9881873223412551 1.0116747579948906
6 36 0.09211669656008772 0.09211669656008772 0.09211669656008772 0.09211669656008772 0.9881873223412551 1.0116747579948906
7 42 0.0546078143638285 0.0546078143638285 0.0546078143638285 0.0546078143638285 0.9723128023615506 1.0269409984823026
8 48 -0.06774346616471623 -0.06774346616471623 -0.06774346616471623 -0.06774346616471623 0.9723128023615506 1.0269409984823026
9 54 -0.3009414058393931 -0.3009414058393931 -0.3009414058393931 -0.3009414058393931 0.836097239656134 1.1405881841573642
10 60 -0.36475118972030296 -0.36475118972030296 -0.36475118972030296 -0.36475118972030296 0.836097239656134 1.1405881841573642
11 66 -0.37681272295893364 -0.37681272295893364 -0.37681272295893364 -0.37681272295893364 0.7894221158803867 1.1733766330377189
12 72 -0.295921124028652 -0.295921124028652 -0.295921124028652 -0.295921124028652 0.7894221158803867 1.1733766330377189
13 78 -0.29545731325178815 -0.29545731325178815 -0.29545731325178815 -0.29545731325178815 0.8393704109320341 1.1381815818452643
14 84 -0.23289476011112084 -0.23289476011112084 -0.23289476011112084 -0.23289476011112084 0.8393704109320341 1.1381815818452643
15 90 -0.14353282285507868 -0.14353282285507868 -0.14353282285507868 -0.14353282285507868 0.9254551189252354 1.0693609413360292
16 96 0.23393864140924828 0.23393864140924828 0.23393864140924828 0.23393864140924828 0.9254551189252354 1.0693609413360292
17 102 0.07123710612232988 0.07123710612232988 0.07123710612232988 0.07123710612232988 0.963723453008004 1.035005848351752
18 108 -0.018656696336743703 -0.018656696336743703 -0.018656696336743703 -0.018656696336743703 0.963723453008004 1.035005848351752
19 114 -0.07725618340062616 -0.07725618340062616 -0.07725618340062616 -0.07725618340062616 0.9605955530811987 1.0379095256334372
20 120 -0.218700096642774 -0.218700096642774 -0.218700096642774 -0.218700096642774 0.9605955530811987 1.0379095256334372
21 126 -0.07906163940970472 -0.07906163940970472 -0.07906163940970472 -0.07906163940970472 0.9596553342686609 1.038778917484228
22 132 -0.06741218063804837 -0.06741218063804837 -0.06741218063804837 -0.06741218063804837 0.9596553342686609 1.038778917484228
23 138 -0.01827172350348806 -0.01827172350348806 -0.01827172350348806 -0.01827172350348806 0.9908220205952791 1.0090945067254544
24 144 0.12821598783774407 0.12821598783774407 0.12821598783774407 0.12821598783774407 0.9908220205952791 1.0090945067254544
25 150 -0.00028655065057428476 -0.00028655065057428476 -0.00028655065057428476 -0.00028655065057428476 0.9998567144093328 1.0001432650628481
26 156 -0.28304690980402136 -0.28304690980402136 -0.28304690980402136 -0.28304690980402136 0.9998567144093328 1.0001432650628481
27 162 -0.30945232757154467 -0.30945232757154467 -0.30945232757154467 -0.30945232757154467 0.8309919809651927 1.1443130374034651
28 168 -0.343267424585666 -0.343267424585666 -0.343267424585666 -0.343267424585666 0.8309919809651927 1.1443130374034651
29 174 -0.4426901084771016 -0.4426901084771016 -0.4426901084771016 -0.4426901084771016 0.7465319092462817 1.201120355533575
30 180 -0.289416981508781 -0.289416981508781 -0.289416981508781 -0.289416981508781 0.7465319092462817 1.201120355533575
31 186 -0.1370159273778598 -0.1370159273778598 -0.1370159273778598 -0.1370159273778598 0.9289693604323773 1.066309489490673
32 192 -0.12691481304227545 -0.12691481304227545 -0.12691481304227545 -0.12691481304227545 0.9289693604323773 1.066309489490673
33 198 -0.2591601523399844 -0.2591601523399844 -0.2591601523399844 -0.2591601523399844 0.8607205398153431 1.1221230557920039
34 204 -0.15469049626410888 -0.15469049626410888 -0.15469049626410888 -0.15469049626410888 0.8607205398153431 1.1221230557920039
35 210 -0.28534102711147524 -0.28534102711147524 -0.28534102711147524 -0.28534102711147524 0.845375048655048 1.1337288155072514
36 216 -0.3834765697778421 -0.3834765697778421 -0.3834765697778421 -0.3834765697778421 0.845375048655048 1.1337288155072514
37 222 -0.504136721954813 -0.504136721954813 -0.504136721954813 -0.504136721954813 0.7041756017110982 1.2264325183045388
38 228 -0.6052930190641101 -0.6052930190641101 -0.6052930190641101 -0.6052930190641101 0.7041756017110982 1.2264325183045388
39 234 -0.518981021602407 -0.518981021602407 -0.518981021602407 -0.518981021602407 0.6935553174748161 1.2324694810024333
40 240 -0.33587937748332597 -0.33587937748332597 -0.33587937748332597 -0.33587937748332597 0.6935553174748161 1.2324694810024333
41 246 -0.4470827649430906 -0.4470827649430906 -0.4470827649430906 -0.4470827649430906 0.7435840470699391 1.2029475320823808
42 252 -0.48934297801843973 -0.48934297801843973 -0.48934297801843973 -0.48934297801843973 0.7435840470699391 1.2029475320823808
43 258 -0.5176961321105811 -0.5176961321105811 -0.5176961321105811 -0.5176961321105811 0.6944810061401383 1.2319481044713616
44 264 -0.44940579131247743 -0.44940579131247743 -0.44940579131247743 -0.44940579131247743 0.6944810061401383 1.2319481044713616
45 270 -0.34473414655109236 -0.34473414655109236 -0.34473414655109236 -0.34473414655109236 0.8094849309585126 1.1596267272493732
46 276 0.04926598983193881 0.04926598983193881 0.04926598983193881 0.04926598983193881 0.8094849309585126 1.1596267272493732
47 282 0.2165544884062268 0.2165544884062268 0.2165544884062268 0.2165544884062268 0.8851245740537166 1.1029752891185853
48 288 0.2437370617232597 0.2437370617232597 0.2437370617232597 0.2437370617232597 0.8851245740537166 1.1029752891185853
49 294 0.35397648121428693 0.35397648121428693 0.35397648121428693 0.35397648121428693 0.803755882582338 1.163604950665941
50 300 0.18753686215320162 0.18753686215320162 0.18753686215320162 0.18753686215320162 0.803755882582338 1.163604950665941
51 306 0.06243708186633132 0.06243708186633132 0.06243708186633132 0.06243708186633132 0.968278326791253 1.0307458861748278
52 312 0.06247993750936727 0.06247993750936727 0.06247993750936727 0.06247993750936727 0.968278326791253 1.0307458861748278
53 318 0.05292443612379018 0.05292443612379018 0.05292443612379018 0.05292443612379018 0.9731780740831607 1.0261210630933322
54 324 0.26513723315436855 0.26513723315436855 0.26513723315436855 0.26513723315436855 0.9731780740831607 1.0261210630933322
55 330 0.24163367755088724 0.24163367755088724 0.24163367755088724 0.24163367755088724 0.8708423063041396 1.1142861739925194
56 336 0.037379658799125845 0.037379658799125845 0.037379658799125845 0.037379658799125845 0.8708423063041396 1.1142861739925194
57 342 0.09188195100708318 0.09188195100708318 0.09188195100708318 0.09188195100708318 0.9529522805434261 1.0449315532641759
58 348 -0.0568496417104426 -0.0568496417104426 -0.0568496417104426 -0.0568496417104426 0.9529522805434261 1.0449315532641759
59 354 -0.061101355597620824 -0.061101355597620824 -0.061101355597620824 -0.061101355597620824 0.9689678242348294 1.0300977407982317
60 360 -0.13784143160926388 -0.13784143160926388 -0.13784143160926388 -0.13784143160926388 0.9689678242348294 1.0300977407982317
61 366 0.2797142961725366 0.2797142961725366 0.2797142961725366 0.2797142961725366 0.8486964733209769 1.131244578405809
62 372 0.24481501475336018 0.24481501475336018 0.24481501475336018 0.24481501475336018 0.8486964733209769 1.131244578405809
63 378 0.5107759039812387 0.5107759039812387 0.5107759039812387 0.5107759039812387 0.6994455632990757 1.2291362430508828
64 384 0.4898750137783328 0.4898750137783328 0.4898750137783328 0.4898750137783328 0.6994455632990757 1.2291362430508828
65 390 0.3305263188438151 0.3305263188438151 0.3305263188438151 0.3305263188438151 0.818213713620216 1.1534844250547187
66 396 -0.003810788623936971 -0.003810788623936971 -0.003810788623936971 -0.003810788623936971 0.818213713620216 1.1534844250547187
67 402 0.04428814390826617 0.04428814390826617 0.04428814390826617 0.04428814390826617 0.9776051636994018 1.0219041755019236
68 408 -0.11454773031650846 -0.11454773031650846 -0.11454773031650846 -0.11454773031650846 0.9776051636994018 1.0219041755019236
69 414 -0.05691627362946571 -0.05691627362946571 -0.05691627362946571 -0.05691627362946571 0.9711249797891796 1.028064333409863
69 414 -0.05691627362946571 -0.05691627362946571 -0.05691627362946571 -0.05691627362946571 0.9711249797891796 1.028064333409863
